1360
1581
1510
1473
1478
1917
1447
1557
1513
1442
1452
1546
1407
1065
1260
1240
1168
1210
1012
1173
1236
1312
1529
1491
1483
1258
1543
1268
1221
1408
1037
989
1040
1442
1195
1765
1529
997
1154
1053
1428
1625
1433
1557
1497
1001
1181
1317
1676
1664
1480
1124
1269
1467
1377
1198
1008
1205
1028
1004
1267
1533
1159
1374
1239
1125
1242
1153
1443
1379
1401
1419
1409
1070
997
1321
1131
1320
1176
899
963
1243
1353
1094
1043
1097
1124
880
1056
1268
1460
1372
1074
1022
847
1000
1100
1048
1225
1091
1051
1196
1250
1075
973
1030
1089
1255
1372
1506
1236
1065
929
854
1328
1298
1348
1440
970
859
877
1086
1125
1109
1124
1190
1046
982
1323
1209
1301
1339
1259
1034
989
1163
1003
1103
1081
1137
1014
986
1100
1166
1049
1113
1100
1008
926
1110
1056
1012
892
964
831
944
925
1042
1063
986
883
879
951
1081
965
1031
1042
1132
1184
1180
1248
1347
1113
880
1114
1120
1325
1425
1211
1202
1215
1379
1310
1546
1167
1103
1050
1254
1426
1464
1427
1446
1120
926
990
1119
1432
1440
1673
1629
1299
1298
1694
1700
1559
1576
1352
1573
1145
1326
1037
981
1211
1255
1146
1047
1612
1428
1835
1630
1808
1475
1482
1824
1908
1247
1463
1353
1440
1571
1472
1751
1333
1882
1774
1346
1024
1341
1236
1050
1201
1234
1056
861
1025
1129
1802
1374
1521
1252
1197
1738
1982
1562
1368
1956
1603
1218
1161
1362
1547
1707
1482
1215
1120
1237
1202
1177
1045
1073
1006
1604
1881
784
1327
1037
1081
998
1630
1514
1651
1286
1138
1215
1035
994
932
1472
1232
1276
1221
1493
1479
1316
1366
1419
1461
1523
1500
1361
899
1683
1604
1021
1445
1434
987
1078
1054
958
1004
981
908
845
1414
1268
1253
1713
1096
926
925
1067
1707
1238
1036
1067
1143
1172
1182
1110
1033
1177
1146
1167
1405
1148
987
905
922
882
1148
1437
1253
1116
1069
1035
1192
1434
1145
1254
1153
1217
1533
1413
1315
1300
1343
1223
1167
1512
1448
1463
1359
1619
1205
1153
1293
1331
1304
1084
928
947
1015